# Created by Octave 4.4.1, Mon Oct 29 17:42:30 2018 GMT <unknown@DESKTOP-7HIRLJG>
# name: state
# type: uint32 matrix
# ndims: 2
 625 1
 2147483648
 3959621788
 2877123227
 1808850908
 404359891
 3630329984
 722567775
 3848261120
 274273601
 692917909
 35321515
 1910967721
 4065252458
 2791201949
 3143847758
 3305492692
 925885869
 1832340852
 175645268
 1939499305
 815020955
 3346368890
 3293009190
 4135064597
 1284208693
 118862868
 3223347769
 2297078033
 434485264
 3023097407
 441660130
 2296755331
 2630595778
 1308340918
 2425416312
 530302041
 4077984083
 3728462785
 781186889
 3376829943
 1009981947
 173375286
 2587388298
 1223556132
 2355860816
 2144508507
 2134692990
 2738339692
 995777638
 3442658430
 3077518903
 794501329
 749737605
 1645060256
 2360359115
 384157612
 2112401037
 2551445431
 1922525596
 3260727159
 3238890331
 2658623962
 3891930953
 2016444429
 1123034422
 1509626703
 920843382
 1622464298
 2522658520
 1542287977
 3016024515
 205689022
 314552519
 2296867412
 4008834842
 3766322706
 2863194673
 1164223499
 645972333
 3751260517
 858840268
 883912257
 1518983463
 1200377544
 1853201228
 3970826458
 4214155214
 3987283177
 3907836811
 576236321
 2763563328
 4127273512
 3597354550
 817282645
 3233449548
 1712697042
 900126239
 2693166576
 421867959
 2644874469
 921982707
 3643864947
 3041151377
 4179460399
 36690733
 640904935
 2401201917
 2264853400
 739165024
 1497968166
 924222295
 4049100301
 2335523613
 2989168607
 1780499364
 940262925
 2104963996
 233986939
 2575165022
 4168693011
 414921127
 1046557452
 30290135
 315108950
 206953777
 2204151998
 3962849764
 3584328688
 3643376904
 2897473245
 4029715820
 622049509
 3071875808
 1061279516
 4259748250
 2724911026
 3559753979
 3117559077
 1751372762
 713305837
 49725218
 3489215953
 3602267688
 2066501204
 2026265905
 2077798028
 3937695686
 2183472847
 1729059594
 4060699629
 3971327159
 483039884
 3134397238
 1903873759
 2836643941
 1058543512
 2101697844
 445696575
 1124487009
 22445348
 2167169809
 113332697
 951796853
 4272396972
 893217477
 607460331
 1505103948
 2208122606
 2611576451
 1820416653
 3722068541
 2254251392
 1762213320
 3225787165
 3749123206
 2660461092
 2763433301
 2148382254
 1355004219
 912287112
 1441274281
 1340789093
 2814945428
 1029254397
 276558458
 235044753
 2070684348
 2230337423
 1576861269
 3177694601
 3858120902
 846142285
 3339187380
 419556138
 4044265963
 579365946
 1687173062
 48690549
 3887251936
 2543455708
 3665530901
 3504877212
 991277524
 1728646510
 1024796169
 2590093718
 1546586856
 3356266043
 2157230509
 1034482792
 196325429
 1047035973
 2382478993
 3265399481
 1413659360
 1722309823
 4111801256
 321509524
 2616033851
 1402826400
 3310452278
 1618690616
 3833154615
 1859329239
 3529399477
 2532045911
 1782444843
 115296306
 2758457330
 476687078
 2140955953
 1331999980
 3809945528
 1521832271
 2840856742
 1925177500
 1098481917
 1426291070
 3368892894
 572094015
 3155508442
 164327743
 896547884
 2799607841
 791834552
 3805553554
 1122142211
 450955867
 2411789121
 3882269189
 2277797894
 3184681298
 3544584813
 3738856523
 2024626143
 2934824954
 3843280616
 3232857862
 2309476792
 3868135834
 1413040725
 1226066950
 2351813442
 388027417
 692876672
 2207254388
 855193594
 2498658824
 1524184999
 838809530
 1979536791
 843028308
 2737560883
 2113222352
 705316518
 57665522
 3425790770
 2066802630
 2716946750
 2963457210
 3579055850
 3280841342
 545744465
 2973720631
 1533979275
 3943419658
 3553553080
 2786561243
 3826666956
 460740233
 4163798598
 273376334
 675342651
 3798324137
 318662764
 2814283818
 3835108611
 3067000534
 4200384630
 3179941500
 3448526501
 3547984268
 1445365296
 2654761010
 4283787586
 3251138851
 3286452844
 1138985264
 2954113704
 6381946
 274170097
 33814752
 1402406212
 1268384836
 3297908520
 2015570829
 959507760
 2021533304
 129295321
 1250364463
 511717217
 3549793526
 1918161116
 3626009631
 3877036681
 4171698122
 1669132966
 3397247853
 3455190010
 2451962749
 1490845757
 2323905689
 199736423
 3833102187
 3467928406
 3838860293
 2025024694
 719529484
 4001486724
 3347292747
 2100319382
 4024249540
 176376153
 2474338835
 2016261287
 2554913967
 496149096
 754469120
 2565448196
 2515044763
 3290396099
 1817079835
 4271527118
 3404755057
 4003477390
 1404467541
 2123611649
 509517529
 1782517997
 1516054375
 4113530817
 3291314662
 3239835122
 3557032259
 2353072966
 3744356974
 4120602175
 3770689167
 3250124918
 3468329874
 1476084526
 3982689861
 4042933601
 3529391884
 3066444527
 227675650
 3107028091
 774764724
 3132952794
 3319962389
 2134525719
 1907388781
 1175141730
 2872244517
 272103580
 1833755933
 1194084997
 3562730040
 2931552182
 1886166523
 2217435704
 1304302111
 801925472
 112757042
 3137774168
 1247759374
 993574336
 3633653428
 1019184311
 3310445079
 2434844904
 3864299397
 3159274756
 2252623886
 3634556075
 2992289826
 3969303406
 31038374
 3985746208
 2017210188
 1476817752
 643063284
 3197506981
 2657979638
 3157212974
 2618779460
 2381702318
 4187554807
 277511752
 4183048545
 2366582128
 2742249588
 3331857728
 326395222
 1467553099
 1569586949
 3531722626
 3486130356
 936933716
 1986323617
 3887497978
 2694036611
 1210237545
 3898143222
 3342196167
 291979583
 315079076
 1559536522
 1450110640
 161608485
 1876495269
 1910128179
 3896243767
 2146811233
 580488556
 642270290
 1521464341
 3074081162
 1318992656
 4187166599
 4288160844
 2340186699
 3743284321
 2874592820
 4010807295
 3169556402
 2616949008
 4107962695
 2551715133
 3779360139
 3300826844
 644172781
 2456422323
 3447378908
 2961935390
 64425451
 641661457
 1549227733
 3818447268
 2736316862
 1079770574
 3452516928
 2488997894
 1461729121
 1909024673
 3418263168
 2829284628
 343657020
 497468400
 2522894403
 4094724092
 653580224
 4001874130
 3908834488
 4211010412
 3294900707
 2930875980
 3065754820
 814723817
 3480284559
 1640129277
 939581867
 3931601038
 3144913981
 2636765091
 2573576693
 2204184865
 1970409505
 1087910365
 2538594274
 3276090916
 2723790489
 3399584134
 2405513704
 2623859987
 2557844708
 3182327055
 1922102708
 2099381024
 1089803736
 2697113238
 4046379363
 3528167802
 3098564515
 1584842435
 1795535310
 1209339543
 925296149
 2259407420
 2533732026
 760110937
 4236755269
 3655237033
 3852699083
 837158797
 3089569277
 470741382
 2326403816
 2580906475
 606065706
 2520224197
 2104169961
 1475970976
 2299101729
 3428725740
 2680652619
 1100225149
 2899627505
 4254772818
 1271408279
 2740436387
 2476623017
 2074701138
 3306097212
 3206768700
 1293916437
 13408301
 3561542994
 2953621022
 1684586810
 690621749
 3528969212
 3389431517
 2096352655
 2126189223
 3562152956
 4008096320
 1079853783
 602720565
 4131125171
 754262765
 2583949466
 3424643211
 4272945651
 3755601454
 3817939509
 3158307677
 1428219297
 3605180839
 426472917
 3824215142
 822916907
 275662297
 2278963875
 1180612992
 1962459012
 3978433161
 1095017838
 2614815370
 2613147090
 2594938640
 3194130153
 3913500000
 550230727
 2936396648
 3792803851
 3058522745
 3639738803
 1827405059
 2962908843
 466107313
 3492802494
 668388280
 2377633428
 2541152370
 1440201059
 535601918
 2462706764
 473760283
 388942105
 501598381
 2867219919
 3668022280
 1504294020
 2843939285
 1033666240
 1540407097
 3974938122
 4013279392
 1845366828
 503568166
 3077995974
 3941710714
 2120396993
 3810884597
 1759172742
 1486565815
 2621742625
 969491332
 3959696883
 2993049494
 4205349059
 245396254
 767566405
 1


