# Created by Octave 4.4.1, Fri Nov 02 18:17:11 2018 GMT <unknown@DESKTOP-7HIRLJG>
# name: histo
# type: matrix
# rows: 1
# columns: 257
 16559 25 22 23 15 27 62 183 225 277 353 420 638 836 885 1071 1045 980 926 979 1039 1092 1049 979 1115 1026 1043 1032 1028 1133 1118 1067 1097 1146 1107 1106 1060 1020 1015 955 917 902 929 1041 1114 1032 1088 1018 922 914 929 989 1026 956 957 856 843 871 904 818 791 825 825 746 724 643 601 560 525 502 415 395 410 395 389 387 383 389 424 457 469 530 521 513 447 376 366 411 400 435 440 533 620 666 795 826 983 839 760 763 694 673 730 740 761 798 778 644 520 472 394 359 385 385 368 345 346 296 310 337 377 424 373 352 326 248 229 250 274 265 229 218 183 186 190 231 244 254 213 200 226 206 146 176 155 159 187 134 108 133 94 121 131 114 119 86 36 23 12 4 2 1 3 0 0 0 3 1 2 0 1 1 3 0 1 1 0 2 3 0 0 2 1 1 1 1 3 1 0 1 1 2 1 2 4 0 2 2 4 0 1 1 0 0 0 1 1 1 2 1 2 1 6 0 3 1 2 1 2 1 1 2 0 1 3 1 2 3 4 2 0 2 1 3 3 3 0 3 1 3 1 3 1 1 3 2 1 3 2 5 5 8 6 17 26 16 24


